# Synthetic shapes for bench_selection_time: up to 5 per base grid cell,
# drawn with stage01's per-cell shape synthesis and a fixed seed. Selection
# time depends on the cell a problem routes to, so the set only has to span
# the grid.
# M N K B
1 9 256 1024
1 34 256 1
1 64 3 1
1 64 14 1
1 64 528 8192
1 64 7424 512
1 86 14 1
1 160 256 1
1 195 1 1
1 256 46 128
1 256 9216 1
1 360 122858 1
1 1024 48 1
1 2866 3 1
2 1 1 2048
2 1 3 1
2 1 128 8192
2 5 85 1024
2 6 10 1
2 7 768 512
2 12 768 1
2 21 64 1
2 35 1280 1
2 44 24 1
2 64 37 1
2 64 2304 512
2 77 15 64
2 82 1536 512
2 256 12 16
2 386 2082 1024
2 431 2977 512
2 1024 6912 1
2 5931 32 1024
2 28672 11955 1
3 12 3 1
3 41 132 1024
3 549 6656 512
3 4864 256 1
3 7936 30808 1
3 523264 768 1
4 2 2161 256
4 7 128 256
4 11 2224 1024
4 64 128 1
4 151 2048 128
4 256 4 8
4 640 64 1
4 1733 48 4096
4 13056 2816 1
5 1 3 1
5 39 6 8192
5 256 53 2048
5 256 40960 1
5 1108 128 4096
5 4608 1024 64
6 42 10 1
6 64 8 1024
6 64 40 64
6 256 4 1
6 991 64 128
6 26624 290 1
7 3 86 1
7 15 544 8192
7 31 256 64
7 48 576 8192
7 276 42 2048
7 768 2 8192
7 768 16 16
8 1 11 4096
8 3 8704 1
8 6 69 1
8 64 37 512
8 256 9 2048
8 2560 2 32
8 4864 16 512
9 3 10 256
9 5 16 512
9 43 59136 1
9 58 100 1024
9 256 12 1
10 2 128 1
10 2 256 1
10 48 16 256
10 144 48 1
10 3584 2246 128
11 361 7 2048
11 987 256 512
11 94976 48 1
12 640 87 512
12 2048 1536 512
12 14592 16 1
13 36 46 2048
13 64 128 1
13 192 8 8192
13 192 34816 1
13 9993 2 1
14 4 576 1
14 192 256 1
15 134 128 512
15 256 2048 1024
16 3 21 1
16 4 2119 1024
16 4 3072 1
16 8 4608 1
16 16 13 2048
16 48 114176 1
16 49 16 128
16 64 4352 1
16 71 64 1
16 192 12 1
16 192 64 128
16 233 4864 2048
16 256 98 1
16 256 32260 1
16 2048 3328 1024
16 2560 3 1
16 13824 12 1
27 192 3 1
30 92 23040 1
32 144 46 1
34 64 4 1
34 64 12 8
34 256 130 8192
34 1638 5120 512
34 7680 5 1
35 2 256 32
35 63488 5120 1
36 160 106 128
37 17 16 1
37 64 6 8192
37 64 1078 1
37 47616 16 1
38 576 2 1
38 1280 2304 1024
39 128 128 1
39 256 2 1
40 256 4 64
41 192 128 1
41 256 3 4096
41 3717 3840 1
42 6 502 1
42 160 24 1
42 160 4096 1
42 198 119 1
42 256 3 1
42 4096 64 16
44 170 35 4096
44 215 2816 4096
45 10 7680 1
45 192 1280 8192
45 293 2 1
46 21 3328 64
47 1 16 16
47 11 2304 512
47 42 5376 1024
47 48 6656 8192
47 192 16 8192
47 4608 256 128
48 1 4 2048
48 1 18944 1
48 2 45824 1
48 3 4 1
48 3 128 1
48 3 2560 8192
48 64 256 64
48 64 1798 64
48 93 640 8192
48 143 7936 1024
48 160 64536 1
48 192 2 8192
48 256 64 1
48 634 1280 8192
48 1024 2 4096
48 1792 256 1024
48 2048 1024 512
48 95488 2264 1
48 101888 64 1
53 64 161 512
54 8 64 8192
58 42 3328 2048
58 48 47 1
60 1280 128 1
61 2 48 128
63 192 1 1
64 1 9 1024
64 1 1792 1
64 2 256 1
64 3 6 1
64 3 1280 8192
64 5 64 1
64 7 6 64
64 7 47024 1
64 8 25 2048
64 33 105 8192
64 34 1 1
64 36 7088 1
64 48 42 256
64 48 256 2048
64 64 1 4
64 64 11 1
64 64 768 1
64 64 17920 1
64 65 38 1
64 100 219 1
64 160 31606 1
64 171 362 1
64 192 3840 2048
64 256 15 32
64 256 186 1
64 256 385 128
64 256 768 2048
64 273 48 1024
64 486 632 1
64 576 128 8192
64 738 14336 1
64 927 16 4096
64 1792 3 4096
64 1996 54 8192
64 2048 544 512
64 4864 3 2048
64 8704 48 1
64 10342 9 1
64 127232 137 1
64 149248 12 1
65 114688 48 1
66 1 44 1
71 287 3840 1
74 69 2 8192
79 108875 544 1
81 64 7680 1
82 64 2 1024
84 59 16 1
93 2 576 2048
94 32 128 32
95 2 2 1
96 35 5 1
101 2 103 8192
117 64 48 1
119 10 21 1
121 2048 5 2048
132 160 900 1
133 48 13824 1
133 64 2 8192
134 45 1783 2
136 44 48 8192
136 48 1616 8192
139 64 9 1
139 192 2178 1024
140 3 3 1
142 256 4 1024
144 3 47 8192
144 4 64 1
144 5 2520 4096
144 13 2 1
144 16 42 512
144 48 30208 1
144 64 104 1
144 71 44 1
144 133 62 8192
144 136 3 1
144 768 5632 64
144 1093 11 4096
144 236288 1 1
160 1 576 1
160 2 96 128
160 6 64 1
160 8 5 1024
160 16 6 128
160 138 1792 1
160 177 4 1
160 192 5 256
160 256 6477 32
160 458 9728 1
160 1283 3 1024
160 7767 64 1
192 2 1457 8192
192 5 29 1024
192 6 15 1
192 6 256 1
192 45 1 128
192 48 35 512
192 48 64 1
192 64 5 512
192 64 64 1
192 64 768 1
192 144 4 4096
192 186 16 1
192 256 2 2048
192 256 42 1024
192 472 67840 1
192 768 652 256
192 1280 48 4096
192 28416 3 1
200 3 64 256
217 149248 16 1
218 210688 128 1
238 123 11 64
248 256 256 4096
256 1 256 1
256 1 544 4096
256 1 768 1
256 2 7 512
256 8 1 128
256 9 1536 1
256 10 6 1
256 12 16640 1
256 25 2 1
256 48 5 256
256 50 103 1
256 50 1024 128
256 64 3 1
256 64 64 4096
256 94 5 1
256 96 109056 1
256 111 3 1
256 144 38 1
256 144 138 512
256 160 2 1
256 160 31488 1
256 165 20 1
256 194 1792 64
256 234 526 128
256 256 202 4096
256 256 256 1
256 377 64 1
256 768 128 1
256 768 2304 256
256 1536 44 1
256 1536 1050 4
256 1930 15 4096
256 2304 4 1
256 2425 46 4096
256 2816 64 256
256 3248 128768 1
256 3328 4 4096
256 4608 64 8
256 5632 16 1024
256 5632 43 2048
256 5632 6008 8
256 13568 3840 1
256 21248 10752 1
256 22272 64 1
256 328192 24 1
265 48 1536 1
280 64 1536 4096
296 256 1117 32
310 2 515 64
321 16384 70014 1
324 95 128 8192
340 48 47 4096
399 10 2867 1
403 36 2 1
409 178887 640 1
419 192 98 1
453 1 1792 512
454 4 48 1
465 64 6496 1024
500 3 101 128
503 135 35 1
511 250 7 64
528 64 1280 64
528 2304 2 1024
544 35 16 8192
576 6 4096 1024
576 475 4247 4
576 497 16 512
576 3516 4 1
620 64 5 1024
640 1 34432 1
640 64 16 2048
640 64 59 256
640 118 46336 1
640 133 1 8192
640 140 9 64
640 256 576 4
640 4864 1 128
768 1 1280 8
768 9 712 1
768 34 3584 2048
768 40 768 16
768 160 4 4
768 256 1 8192
768 256 123 8192
844 3328 256 256
941 334336 64 1
1024 1 9 8192
1024 5 256 64
1024 48 10 2
1024 192 240 128
1024 1024 256 1024
1024 2560 768 1
1224 1 16 4096
1280 45 614 1
1280 64 128 32
1289 192 2304 64
1327 3034 13 1024
1358 64 88 512
1478 209 64 1
1536 1024 597 256
1792 6 15 256
1792 16 9 1
1792 207104 256 1
1925 2943 1536 32
2048 289 256 32
2067 256 1280 512
2160 64 2 2048
2304 4 768 1
2304 496 3328 1
2304 5632 11 128
2816 1 8 4096
2816 64 428 4096
2816 64 3328 8
2816 1783 256 1
2963 1 128 512
3328 11 6656 64
3328 1536 2 32
3371 1024 64 512
3840 36 3 1
3840 256 1024 1
3840 260 128 32
3840 6114 256 4
3840 7424 196 8
4559 47 45 1
4608 16 528 1024
4864 16 256 1
5120 8 2347 128
5120 2816 640 16
5120 4608 564 32
5888 6 64 16
6400 5 64 128
6400 46 2048 16
6400 86 42 2048
6400 256 9 1
6656 144 240 2048
7168 4 5 64
7168 1024 2560 16
7680 1024 2304 1
7936 1 48 1024
8192 136 4352 8
8889 208 9 1
11065 134 10 1
11253 64 13 1
11520 13568 3 1
14749 160 36608 1
16128 140 1 1
16640 2 64 1
17997 1280 256 1
25600 256 3131 1
26045 4 3 1
28243 71 128 1
30464 768 1 1
31488 52 1 1
34048 48 2 1
35551 209 48 1
55552 8 15318 1
55808 5888 525 1
58363 220 19712 1
58624 256 64 1
59648 6 1 1
64000 1558 3584 1
68712 7 9728 1
70144 34 64 1
76800 39 3 1
82432 478 128 1
82470 35 1792 1
94770 192 128 1
101888 44 48 1
104704 64 11776 1
119513 33 528 1
154510 834 5 1
162304 6 15 1
173056 3 16 1
183808 256 16 1
188852 64 128 1
191744 5120 66 1
194695 22 48 1
214255 2304 768 1
262656 6 64 1
306432 768 2 1
440974 16 273 1
